100000115455958
100004977193381
1207509022
100010045778961
100009424286201
100001626860436
100003721221347
100001463120181
100000492373229
100000054913629
100008005952010
100000241576729
1816435396
100009468570345
100003684783571
100003488973881
100003113493161
100000151807274
100004528203747
100002373661264
100001895472089
1754993944
100002287405762
100004580190061
100002911477064
100000463594556
100000087780873
100009150820105
1347994743
100000180943219
100009652715253
100002457796999
100000779925085
100008702285635
100006671740800
100003824725405
100003299301275
100004171687785
100003651933254
100001069156565
1507997930
1127300318
100000790787700
100002001202359
100000893930311
100011096921619
100001837768334
100001238139668
100009632585454
100009251371861
100002881198613
100002651954720
100001516730862
100006064722030
1100236354
fref
1100236354
100009362820023
100006591527058
100001240905471
100000394190503
100006433366554
100002061352413
100009428709057
100007691744564
100007368458115
100005784403452
100002189203314
100000818723045
100000629113062
100003227761814
1377351067
100003086378906
100000127635398
100000464667234
100009664328081
100007467727840
100011689703125
100003094751842
100002276212731
1670364373
1530565397
100003205368591
100002390203469
100000242123430
100000730164853
100000624574103
1644684944
100012430266410
100006805143520
100002087047324
1583340480
100006199782562
100000310992094
100000719237019
100011582982157
1779991796
100000487920814
100003242390914
100002094423185
1178827219
100007519759304
100005935444008
100003516457238
100002020365911
100000234458871
100003599156825
100000072541793
1838505641
100001507066667
100000920597779
1446425092
fref
1446425092
1174703544
1444727008
100002320323087
100001881952638
100007505808805
100000163588975
100009899971633
100004563376650
100000715298053
100001861927457
100001690122467
1538402312
100010886598771
100009412264354
100002894794542
100002440974521
1186339939
100001872682693
1589482003
100000773381839
100000306474469
100000941218821
100002574749133
1491483463
100012719864707
100002197305684
100001591950527
100001017832828
100000422392669
100003984908287
100000811448524
100000664672736
100000211236577
1737952770
100006152292595
100006423583993
100004604470711
100004128604273
100003484572631
100002809729903
1748745774
100001858576808
1722127811
100009779058391
100008190165091
100007344360954
100005975011410
100000002271134
1777370245
1361834196
100010931828452
100005549402016
100004146398991
100002319773705
100001750592258
100000649985860
100000066950201
1752410537
100003208623485
100000465616376
100000359778899
100000977282553
100000851414514
1650062641
100002392644235
100003129203023
100002880414641
100002752236464
100002354940093
100001241473188
100004209216805
100009717123905
100006283362015
100003143292602
100001958694061
100000579284294
100000295711748
100003317580233
1409091486
1739749269
100007806275111
100005379964376
100003166300770
100001754700937
100001350386312
100000040480650
1560232326
100002197143882
100012491621942
100010245401962
100007473812861
100007325975924
100004418526541
100006334751946
100004983424652
100004063283303
100011660612740
100011472250346
100009981783459
100008631164127
100004638372408
100000339902442
100012270066844
100010300023198
100008544879341
100007398825809
100003824736778
100002346525982
100012167327093
100008018382623
100007683003532
100004984688617
100003323577023
100001758327015
100009418439866
100005628886990
100003506331486
100000568571818
100003895493433
100002212201284
100009524168338
100009389356623
100009307391433
100008034090271
100003768030923
100000136572704
853209794
100012058488913
100003114632458
100006745304945
100003837236255
100001618772687
806382759
100011209958180
100004866579372
100002928379091
100001398096693
100006998328941
100005294977750
100010365215767
100007683550064
100003807813397
1811387798
100011784752333
100008819020900
100006454635726
100002950137186
100011763660560
100011655152167
100009451466663
100003787457761
100002299247227
100001371384983
100000706442775
100009134516606
100005369083495
100003190865055
100001975088045
100001515272423
100010901280260
100009987457290
100008360313948
100004102320213
100003765905716
100000593397327
100007028237807
100004579112989
100004380063536
100002728986164
100002244986279
100002217356314
100009619831244
100000966146056
100012409834013
100012118266028
100006571237732
100006163184181
100004134450138
100002340306012
100006691361779
100004759205549
100001809327139
100011233985367
100009639727417
100009432157700
100003515747174
100002580488411
100012776613601
100011453284175
100007250010528
100005952665979
100004719100084
100003811380449
100003143020578
100009045067141
100007177905111
100004296042446
100003501438383
100011731182778
100005444711600
100004136280813
100004074604981
100001222587336
100000151374056
1845159379
100008988933621
100008144642681
100009119860068
100003511192147
100010577048010
100008105958569
100007741055187
100004674401518
100001808060845
100001514290175
100006729373073
100005155327141
100003878762247
100003218010981
100012186377066
100010056815210
100009901051177
100007409671867
100005558565121
100003042880426
100002615853539
100011920806632
100009601717900
100007838644856
100000630883302
1461945244
100010292087131
100008140927750
100006426428092
100005493258843
100000371507995
100009283192121
100008388311817
100006727993977
100009796569532
100008561740676
100003762226576
100012476193318
100004865087616
100002851297362
1536998721
100011787198589
100010111933972
100007905784639
100006863132011
100005853967390
100001178134892
100009349803842
100006953833556
100006650583734
100003566917482
100002571229327
100001311667745
100001221714774
100012187307811
100010000028181
100008443300090
100007288872467
100006519873933
100000721895929
100011921645502
100004341570922
100002452913846
100001782524136
100001351319180
100001043160040
100012647401622
100009108518103
100006439145743
100006409267652
100001582894338
100010876624668
100004666994568
100000473630201
100010590247235
100008254380572
100005089622823
100004106197569
100002122790518
100001702033299
100000554308755
100000023740883
100012614202101
100010594601160
100012303975482
100008230120881
100006076279322
100003718168352
100001147894293
1785014385
100010940226609
100010219842069
100005563388076
100005168831265
100002403020738
100002232641216
100011032860088
100009687008287
100009727631987
100005818663884
100000998804876
100000006989495
100004776365258
100002568096281
100011558298832
100003831038037
100003591343357
100002358215465
100002354914797
100010813353109
100008193371814
100006691920375
100003884518094
100003850884722
100003108650703
100002945195928
100007913439678
100007867481242
100007202252519
1185523371
100011712911276
100008136522091
100005645415447
100000153194087
100010011879471
100009893250752
100002860224452
100000224240867
100000024052677
1159978205
100005713620794
100004805017009
100003101978759
100001296291789
100010723871734
100010358293245
100008066020179
100007958882168
100007804290678
100005393431162
100004467994532
100012593958932
100012493277611
100012479805208
100011913334386
100010117870325
100008256736251
100002975495716
817720007
100010573150010
100010258504534
100000862587613
100009676692591
100009364004917
100008167391529
100006132184303
100004086750562
100003921943331
100001079303875
1652155971
554853759
100010589373998
100009532006998
100009058890757
100008883228798
100006794802702
100004705488813
100002876602022
100000965561804
100010667345500
100002215369932
100001920333477
100010625554615
100007695198413
100005871540010
100000260234887
100010241206318
100008476039242
100007597333683
100007036025568
1088111248